    0.7520    0.7600    0.7660    0.7700    0.7710    0.7700    0.7660    0.7600    0.7520    0.7410    0.7290    0.7140    0.6970    0.6770    0.6560    0.6320    0.6070    0.5800    0.5510    0.5200
    0.8100    0.8180    0.8240    0.8280    0.8290    0.8280    0.8240    0.8180    0.8100    0.7990    0.7860    0.7710    0.7530    0.7330    0.7110    0.6870    0.6610    0.6330    0.6040    0.5720
    0.8660    0.8750    0.8810    0.8840    0.8860    0.8840    0.8810    0.8750    0.8660    0.8550    0.8420    0.8260    0.8090    0.7880    0.7660    0.7410    0.7150    0.6860    0.6560    0.6240
    0.9210    0.9300    0.9360    0.9390    0.9410    0.9390    0.9360    0.9300    0.9210    0.9100    0.8970    0.8810    0.8630    0.8420    0.8190    0.7940    0.7670    0.7380    0.7070    0.6740
    0.9740    0.9830    0.9890    0.9920    0.9940    0.9920    0.9890    0.9830    0.9740    0.9630    0.9490    0.9330    0.9150    0.8940    0.8710    0.8460    0.8180    0.7880    0.7570    0.7230
    1.0250    1.0330    1.0400    1.0430    1.0450    1.0430    1.0400    1.0330    1.0250    1.0140    1.0000    0.9840    0.9650    0.9440    0.9210    0.8950    0.8670    0.8370    0.8050    0.7710
    1.0730    1.0820    1.0880    1.0920    1.0930    1.0920    1.0880    1.0820    1.0730    1.0620    1.0480    1.0320    1.0140    0.9920    0.9690    0.9430    0.9150    0.8840    0.8520    0.8170
    1.1190    1.1270    1.1340    1.1370    1.1390    1.1370    1.1340    1.1270    1.1190    1.1080    1.0940    1.0780    1.0590    1.0380    1.0150    0.9890    0.9600    0.9300    0.8970    0.8610
    1.1620    1.1700    1.1760    1.1800    1.1810    1.1800    1.1760    1.1700    1.1620    1.1510    1.1370    1.1210    1.1030    1.0820    1.0580    1.0320    1.0040    0.9730    0.9390    0.9040
    1.2020    1.2100    1.2160    1.2200    1.2210    1.2200    1.2160    1.2100    1.2020    1.1910    1.1780    1.1620    1.1430    1.1230    1.0990    1.0730    1.0450    1.0140    0.9800    0.9440
    1.2390    1.2470    1.2530    1.2560    1.2570    1.2560    1.2530    1.2470    1.2390    1.2280    1.2150    1.1990    1.1810    1.1610    1.1370    1.1110    1.0830    1.0520    1.0180    0.9830
    1.2720    1.2800    1.2860    1.2900    1.2910    1.2900    1.2860    1.2800    1.2720    1.2620    1.2490    1.2340    1.2160    1.1960    1.1730    1.1470    1.1190    1.0880    1.0540    1.0180
    1.3030    1.3110    1.3160    1.3190    1.3210    1.3190    1.3160    1.3110    1.3030    1.2930    1.2800    1.2660    1.2480    1.2280    1.2050    1.1800    1.1520    1.1210    1.0880    1.0520
    1.3300    1.3380    1.3430    1.3460    1.3470    1.3460    1.3430    1.3380    1.3300    1.3210    1.3080    1.2940    1.2770    1.2570    1.2350    1.2100    1.1820    1.1520    1.1190    1.0830
    1.3540    1.3610    1.3660    1.3690    1.3700    1.3690    1.3660    1.3610    1.3540    1.3450    1.3330    1.3190    1.3030    1.2840    1.2620    1.2380    1.2100    1.1800    1.1470    1.1110
    1.3750    1.3820    1.3870    1.3900    1.3910    1.3900    1.3870    1.3820    1.3750    1.3660    1.3550    1.3420    1.3260    1.3070    1.2860    1.2620    1.2350    1.2050    1.1730    1.1370
