    0.9960    0.9940    0.9930    0.9920    0.9920    0.9920    0.9930    0.9940    0.9960    0.9980    1.0000    1.0030    1.0070    1.0110    1.0160    1.0210    1.0280    1.0350    1.0430    1.0520
    0.9860    0.9840    0.9840    0.9830    0.9830    0.9830    0.9840    0.9840    0.9860    0.9870    0.9900    0.9920    0.9950    0.9990    1.0040    1.0090    1.0140    1.0210    1.0290    1.0370
    0.9780    0.9770    0.9760    0.9760    0.9750    0.9760    0.9760    0.9770    0.9780    0.9790    0.9810    0.9830    0.9860    0.9890    0.9930    0.9980    1.0030    1.0090    1.0160    1.0240
    0.9720    0.9710    0.9700    0.9700    0.9700    0.9700    0.9700    0.9710    0.9720    0.9730    0.9740    0.9760    0.9780    0.9810    0.9840    0.9880    0.9930    0.9980    1.0050    1.0120
    0.9680    0.9670    0.9670    0.9670    0.9670    0.9670    0.9670    0.9670    0.9680    0.9680    0.9690    0.9710    0.9720    0.9740    0.9770    0.9800    0.9840    0.9890    0.9950    1.0010
    0.9660    0.9660    0.9660    0.9660    0.9660    0.9660    0.9660    0.9660    0.9660    0.9660    0.9670    0.9670    0.9680    0.9700    0.9720    0.9740    0.9780    0.9820    0.9870    0.9920
    0.9660    0.9660    0.9670    0.9670    0.9670    0.9670    0.9670    0.9660    0.9660    0.9660    0.9660    0.9660    0.9660    0.9670    0.9680    0.9700    0.9720    0.9760    0.9800    0.9850
    0.9690    0.9690    0.9700    0.9700    0.9710    0.9700    0.9700    0.9690    0.9690    0.9680    0.9670    0.9660    0.9660    0.9660    0.9660    0.9670    0.9690    0.9710    0.9740    0.9780
    0.9740    0.9750    0.9760    0.9770    0.9770    0.9770    0.9760    0.9750    0.9740    0.9720    0.9700    0.9690    0.9670    0.9660    0.9660    0.9660    0.9660    0.9680    0.9700    0.9730
    0.9810    0.9830    0.9840    0.9850    0.9860    0.9850    0.9840    0.9830    0.9810    0.9790    0.9760    0.9740    0.9710    0.9690    0.9670    0.9660    0.9660    0.9660    0.9670    0.9700
    0.9910    0.9940    0.9960    0.9970    0.9980    0.9970    0.9960    0.9940    0.9910    0.9880    0.9840    0.9800    0.9770    0.9730    0.9700    0.9680    0.9660    0.9660    0.9660    0.9670
    1.0040    1.0080    1.0110    1.0120    1.0130    1.0120    1.0110    1.0080    1.0040    1.0000    0.9950    0.9900    0.9840    0.9800    0.9750    0.9720    0.9690    0.9670    0.9660    0.9660
    1.0200    1.0250    1.0290    1.0310    1.0320    1.0310    1.0290    1.0250    1.0200    1.0140    1.0080    1.0010    0.9940    0.9880    0.9820    0.9770    0.9720    0.9690    0.9670    0.9660
    1.0400    1.0460    1.0510    1.0540    1.0550    1.0540    1.0510    1.0460    1.0400    1.0320    1.0240    1.0150    1.0060    0.9980    0.9900    0.9830    0.9770    0.9720    0.9690    0.9660
    1.0630    1.0720    1.0780    1.0820    1.0840    1.0820    1.0780    1.0720    1.0630    1.0530    1.0430    1.0310    1.0200    1.0100    1.0000    0.9910    0.9830    0.9770    0.9720    0.9680
    1.0910    1.1020    1.1100    1.1160    1.1170    1.1160    1.1100    1.1020    1.0910    1.0780    1.0640    1.0500    1.0360    1.0230    1.0110    1.0000    0.9900    0.9820    0.9750    0.9700
