     582.0     581.0     580.0     580.0     578.0     578.0     577.0     575.0     575.0     578.0     580.0     582.0     583.0     584.0     584.0     585.0     585.0     586.0     587.0     588.0
     578.0     579.0     578.0     578.0     578.0     577.0     575.0     574.0     574.0     577.0     578.0     579.0     581.0     582.0     582.0     582.0     582.0     583.0     585.0     586.0
     577.0     577.0     577.0     577.0     576.0     575.0     574.0     573.0     574.0     576.0     576.0     576.0     578.0     579.0     580.0     579.0     579.0     579.0     581.0     584.0
     573.0     573.0     573.0     573.0     573.0     573.0     572.0     572.0     573.0     573.0     572.0     572.0     579.0     578.0     576.0     576.0     574.0     576.0     577.0     580.0
     567.0     565.0     566.0     567.0     567.0     566.0     564.0     566.0     570.0     573.0     572.0     575.0     578.0     576.0     572.0     569.0     569.0     570.0     573.0     577.0
     559.0     558.0     560.0     561.0     562.0     560.0     560.0     561.0     564.0     570.0     573.0     574.0     573.0     572.0     566.0     564.0     564.0     566.0     569.0     574.0
     554.0     555.0     556.0     557.0     556.0     554.0     555.0     557.0     561.0     566.0     569.0     570.0     568.0     564.0     558.0     556.0     557.0     559.0     564.0     570.0
     554.0     553.0     554.0     554.0     550.0     548.0     548.0     552.0     556.0     562.0     565.0     565.0     564.0     557.0     550.0     548.0     550.0     555.0     561.0     566.0
     559.0     556.0     552.0     549.0     545.0     542.0     542.0     546.0     550.0     556.0     560.0     561.0     558.0     548.0     540.0     536.0     540.0     549.0     556.0     564.0
     559.0     556.0     550.0     546.0     541.0     538.0     537.0     539.0     544.0     550.0     556.0     558.0     554.0     537.0     524.0     524.0     532.0     540.0     553.0     560.0
     558.0     552.0     547.0     542.0     536.0     532.0     533.0     532.0     537.0     543.0     549.0     553.0     548.0     535.0     524.0     523.0     526.0     535.0     548.0     556.0
     553.0     548.0     542.0     535.0     528.0     524.0     524.0     528.0     533.0     540.0     547.0     550.0     549.0     540.0     530.0     527.0     529.0     533.0     545.0     551.0
     547.0     540.0     535.0     526.0     522.0     520.0     522.0     523.0     529.0     536.0     546.0     551.0     550.0     544.0     540.0     536.0     536.0     541.0     545.0     552.0
     538.0     533.0     527.0     523.0     520.0     519.0     519.0     522.0     525.0     535.0     546.0     552.0     555.0     549.0     546.0     544.0     543.0     543.0     547.0     552.0
     529.0     525.0     522.0     520.0     519.0     519.0     519.0     520.0     524.0     535.0     546.0     552.0     556.0     556.0     550.0     546.0     545.0     546.0     548.0     555.0
     527.0     522.0     519.0     518.0     518.0     518.0     519.0     520.0     524.0     536.0     547.0     553.0     557.0     557.0     554.0     547.0     546.0     547.0     550.0     555.0
